                  Welcome to Q-Chem
     A Quantum Leap Into The Future Of Chemistry


 Q-Chem 6.0 (devel), Q-Chem, Inc., Pleasanton, CA (2022)

 E. Epifanovsky,  A. T. B. Gilbert,  Xintian Feng,  Joonho Lee,  Yuezhi Mao,  
 N. Mardirossian,  P. Pokhilko,  A. White,  M. Wormit,  M. P. Coons,  
 A. L. Dempwolff,  Zhengting Gan,  D. Hait,  P. R. Horn,  L. D. Jacobson,  
 I. Kaliman,  J. Kussmann,  A. W. Lange,  Ka Un Lao,  D. S. Levine,  Jie Liu,  
 S. C. McKenzie,  A. F. Morrison,  K. Nanda,  F. Plasser,  D. R. Rehn,  
 M. L. Vidal,  Zhi-Qiang You,  Ying Zhu,  B. Alam,  B. Albrecht,  
 A. Aldossary,  E. Alguire,  J. H. Andersen,  V. Athavale,  D. Barton,  
 K. Begam,  A. Behn,  N. Bellonzi,  Y. A. Bernard,  E. J. Berquist,  
 H. Burton,  A. Carreras,  K. Carter-Fenk,  Romit Chakraborty,  
 Chandrima Chakravarty,  Junhan Chen,  A. D. Chien,  K. D. Closser,  
 V. Cofer-Shabica,  L. Cunha,  S. Dasgupta,  Jia Deng,  M. de Wergifosse,  
 M. Diedenhofen,  Hainam Do,  S. Ehlert,  Po-Tung Fang,  S. Fatehi,  
 Qingguo Feng,  T. Friedhoff,  B. Ganoe,  J. Gayvert,  Qinghui Ge,  
 G. Gidofalvi,  M. Goldey,  J. Gomes,  C. Gonzalez-Espinoza,  S. Gulania,  
 A. Gunina,  J. A. Gyamfi,  M. W. D. Hanson-Heine,  P. H. P. Harbach,  
 A. W. Hauser,  M. F. Herbst,  M. Hernandez Vera,  M. Hodecker,  
 Z. C. Holden,  S. Houck,  Xunkun Huang,  Kerwin Hui,  B. C. Huynh,  
 K. Ikeda,  M. Ivanov,  Hyunjun Ji,  Zuxin Jin,  Hanjie Jiang,  B. Kaduk,  
 S. Kaehler,  R. Kang,  K. Khistyaev,  Jaehoon Kim,  Yongbin Kim,  
 P. Klunzinger,  Z. Koczor-Benda,  Joong Hoon Koh,  D. Kosenkov,  
 Saikiran Kotaru,  L. Koulias,  T. Kowalczyk,  C. M. Krauter,  K. Kue,  
 A. Kunitsa,  T. Kus,  A. Landau,  K. V. Lawler,  D. Lefrancois,  S. Lehtola,  
 Rain Li,  Shaozhi Li,  Yi-Pei Li,  Jiashu Liang,  M. Liebenthal,  
 Hung-Hsuan Lin,  You-Sheng Lin,  Fenglai Liu,  Kuan-Yu Liu,  
 M. Loipersberger,  A. Luenser,  C. Malbon,  A. Manjanath,  P. Manohar,  
 E. Mansoor,  S. F. Manzer,  Shan-Ping Mao,  A. V. Marenich,  T. Markovich,  
 S. Mason,  F. Matz,  S. A. Maurer,  P. F. McLaughlin,  M. F. S. J. Menger,  
 J.-M. Mewes,  S. A. Mewes,  P. Morgante,  Mohammad Mostafanejad,  
 J. W. Mullinax,  K. J. Oosterbaan,  G. Paran,  V. Parravicini,  
 Alexander C. Paul,  Suranjan K. Paul,  F. Pavosevic,  Zheng Pei,  S. Prager,  
 E. I. Proynov,  E. Ramos,  B. Rana,  A. E. Rask,  A. Rettig,  R. M. Richard,  
 F. Rob,  E. Rossomme,  T. Scheele,  M. Scheurer,  M. Schneider,  
 P. E. Schneider,  N. Sergueev,  S. M. Sharada,  Hengyuan Shen,  
 W. Skomorowski,  D. W. Small,  C. J. Stein,  Yingli Su,  Yu-Chuan Su,  
 E. J. Sundstrom,  Zhen Tao,  J. Thirman,  Hung-Yi Tsai,  T. Tsuchimochi,  
 N. M. Tubman,  C. Utku,  S. P. Veccham,  O. Vydrov,  J. Wenzel,  
 Jonathan Wong,  J. Witte,  A. Yamada,  Chou-Hsun Yang,  Kun Yao,  
 S. Yeganeh,  S. R. Yost,  A. Zech,  F. Zeller,  Igor Ying Zhang,  
 Xing Zhang,  Yu Zhang,  D. Zuev,  A. Aspuru-Guzik,  A. T. Bell,  
 N. A. Besley,  K. B. Bravaya,  B. R. Brooks,  D. Casanova,  Jeng-Da Chai,  
 Hsing-Ta Chen,  S. Coriani,  C. J. Cramer,  A. E. DePrince, III,  
 R. A. DiStasio Jr.,  A. Dreuw,  B. D. Dunietz,  T. R. Furlani,  
 W. A. Goddard III,  S. Grimme,  S. Hammes-Schiffer,  T. Head-Gordon,  
 W. J. Hehre,  Chao-Ping Hsu,  T.-C. Jagau,  Yousung Jung,  A. Klamt,  
 Jing Kong,  D. S. Lambrecht,  Xiangyuan Li,  WanZhen Liang,  N. J. Mayhall,  
 C. W. McCurdy,  J. B. Neaton,  T. Neudecker,  C. Ochsenfeld,  
 J. A. Parkhill,  R. Peverati,  V. A. Rassolov,  Haisheng Ren,  Yihan Shao,  
 L. V. Slipchenko,  R. P. Steele,  J. E. Subotnik,  A. J. W. Thom,  
 A. Tkatchenko,  D. G. Truhlar,  T. Van Voorhis,  Fan Wang,  
 T. A. Wesolowski,  K. B. Whaley,  H. L. Woodcock III,  P. M. Zimmerman,  
 S. Faraji,  P. M. W. Gill,  M. Head-Gordon,  J. M. Herbert,  A. I. Krylov

 Contributors to earlier versions of Q-Chem not listed above: 
 R. D. Adamson,  B. Austin,  R. Baer,  J. Baker,  G. J. O. Beran,  
 K. Brandhorst,  S. T. Brown,  E. F. C. Byrd,  Arup K. Chakraborty,  
 G. K. L. Chan,  Chun-Min Chang,  Yunqing Chen,  C.-L. Cheng,  
 Siu Hung Chien,  D. M. Chipman,  D. L. Crittenden,  H. Dachsel,  
 R. J. Doerksen,  A. D. Dutoi,  R. G. Edgar,  J. Fosso-Tande,  
 L. Fusti-Molnar,  D. Ghosh,  A. Ghysels,  A. Golubeva-Zadorozhnaya,  
 J. Gonthier,  M. S. Gordon,  S. R. Gwaltney,  G. Hawkins,  J. E. Herr,  
 A. Heyden,  S. Hirata,  E. G. Hohenstein,  G. Kedziora,  F. J. Keil,  
 C. Kelley,  Jihan Kim,  R. A. King,  R. Z. Khaliullin,  P. P. Korambath,  
 W. Kurlancheek,  A. Laurent,  A. M. Lee,  M. S. Lee,  S. V. Levchenko,  
 Ching Yeh Lin,  D. Liotard,  E. Livshits,  R. C. Lochan,  I. Lotan,  
 L. A. Martinez-Martinez,  P. E. Maslen,  N. Nair,  D. P. O'Neill,  
 D. Neuhauser,  E. Neuscamman,  C. M. Oana,  R. Olivares-Amaya,  R. Olson,  
 T. M. Perrine,  B. Peters,  P. A. Pieniazek,  A. Prociuk,  Y. M. Rhee,  
 J. Ritchie,  M. A. Rohrdanz,  E. Rosta,  N. J. Russ,  H. F. Schaefer III,  
 M. W. Schmidt,  N. E. Schultz,  S. Sharma,  N. Shenvi,  C. D. Sherrill,  
 A. C. Simmonett,  A. Sodt,  T. Stein,  D. Stuck,  K. S. Thanthiriwatte,  
 V. Vanovschi,  L. Vogt,  Tao Wang,  A. Warshel,  M. A. Watson,  
 C. F. Williams,  Q. Wu,  X. Xu,  Jun Yang,  W. Zhang,  Yan Zhao

   Please cite Q-Chem as follows:
  "Software for the frontiers of quantum chemistry:
   An overview of developments in the Q-Chem 5 package"
   J. Chem. Phys. 155, 084801 (2021)
   https://doi.org/10.1063/5.0055522 (open access)

 Q-Chem 6.0.2 for Intel X86 EM64T Linux

 Parts of Q-Chem use Armadillo 9.900.5 (Nocturnal Misbehaviour).
 http://arma.sourceforge.net/

 Q-Chem begins on Tue Apr 25 18:00:35 2023  

 Host: login13
0

     Scratch files written to /pscratch/sd/j/jsliang/QC_scratch/qchem51445//
 Processing $rem in /global/cfs/cdirs/mp54/qchem602//config/preferences:
 Processing $rem in /global/homes/j/jsliang/.qchemrc:

 Checking the input file for inconsistencies... 	...done.

--------------------------------------------------------------
User input:
--------------------------------------------------------------
$molecule
0 1
H 0.0 0.0 0.0
H 1.40 0.0 0.0
$end

$rem
input_bohr true
method hf
basis 6-311G

MAX_SCF_CYCLES 50
THRESH  14
SCF_CONVERGENCE  6

SYM_IGNORE true
SYMMETRY FALSE

IPRINT 4
SCF_FINAL_PRINT 4
SCF_PRINT 4
ham_debug_print = 4
print_xc_time 4
PRINT_SCF_TIME 4
$end
--------------------------------------------------------------
 ----------------------------------------------------------------
             Standard Nuclear Orientation (Bohr)
    I     Atom           X                Y                Z
 ----------------------------------------------------------------
    1      H       0.0000000000     0.0000000000     0.0000000000
    2      H       1.4000000000     0.0000000000     0.0000000000
 ----------------------------------------------------------------
 Nuclear Repulsion Energy =           0.71428571 hartrees
 There are        1 alpha and        1 beta electrons
 Requested basis set is 6-311G
 There are 6 shells and 6 basis functions

 Total QAlloc Memory Limit   2000 MB
 Mega-Array Size       188 MB
 MEM_STATIC part       192 MB


                       Distance Matrix (Bohrs)
             H (  1)
   H (  2)  1.400000

 A cutoff of  1.0D-14 yielded     21 shell pairs
 There are        21 function pairs
 Smallest overlap matrix eigenvalue = 3.18E-02

 Scale SEOQF with 1.000000e+00/1.000000e+00/1.000000e+00

 Standard Electronic Orientation quadrupole field applied
 Nucleus-field energy     =     0.0000000002 hartrees
 Guess from superposition of atomic densities
 Warning:  Energy on first SCF cycle will be non-variational
 SAD guess density has 2.000000 electrons

 -----------------------------------------------------------------------
  General SCF calculation program by
  Eric Jon Sundstrom, Paul Horn, Yuezhi Mao, Dmitri Zuev, Alec White,
  David Stuck, Shaama M.S., Shane Yost, Joonho Lee, David Small,
  Daniel Levine, Susi Lehtola, Hugh Burton, Evgeny Epifanovsky,
  Bang C. Huynh
 -----------------------------------------------------------------------
 Hartree-Fock
 Number of OpenMP threads: 1
 List of terms in Hamiltonian: inc_jk, qchem_hcore
 Prioritized algorithm options for all energy terms with memory requirement: 
  inc_jk:
   name: qchem, static memory required: 0, dynamic memory required: 0
   name: libfock, static memory required: 504, dynamic memory required: 12480472
  qchem_hcore:
   name: qchem, static memory required: 0, dynamic memory required: 0

 Final selected algorithms for all energy terms:
  inc_jk: qchem
  qchem_hcore: qchem
 HF Exchange   Energy =  -0.47423218461969
 One-Electron  Energy =  -2.21979688002162
 Total Coulomb Energy =   1.12869456073411
 Nuclear repulsion Energy =   0.71428571448171
RHF MO Coefficients
            1           2           3           4           5           6    
    1   0.0000000   0.0000000   0.0000000   0.0000000   0.0000000   0.0000000
    2   0.0000000   0.0000000   0.0000000   0.0000000   0.0000000   0.0000000
    3   0.0000000   0.0000000   0.0000000   0.0000000   0.0000000   0.0000000
    4   0.0000000   0.0000000   0.0000000   0.0000000   0.0000000   0.0000000
    5   0.0000000   0.0000000   0.0000000   0.0000000   0.0000000   0.0000000
    6   0.0000000   0.0000000   0.0000000   0.0000000   0.0000000   0.0000000
RHF Density Matrix
            1           2           3           4           5           6    
    1   0.0283305   0.0599506   0.0456514   0.0000000   0.0000000   0.0000000
    2   0.0599506   0.1268623   0.0966035   0.0000000   0.0000000   0.0000000
    3   0.0456514   0.0966035   0.0735620   0.0000000   0.0000000   0.0000000
    4   0.0000000   0.0000000   0.0000000   0.0283305   0.0599506   0.0456514
    5   0.0000000   0.0000000   0.0000000   0.0599506   0.1268623   0.0966035
    6   0.0000000   0.0000000   0.0000000   0.0456514   0.0966035   0.0735620
RHF Fock Matrix
            1           2           3           4           5           6    
    1   0.5324276  -0.4513774  -0.4640689  -0.4618098  -0.4807514  -0.4291656
    2  -0.4513774  -0.3789928  -0.4013070  -0.4807514  -0.4710792  -0.4124643
    3  -0.4640689  -0.4013070  -0.2813314  -0.4291656  -0.4124643  -0.2955775
    4  -0.4618098  -0.4807514  -0.4291656   0.5324276  -0.4513774  -0.4640689
    5  -0.4807514  -0.4710792  -0.4124643  -0.4513774  -0.3789928  -0.4013070
    6  -0.4291656  -0.4124643  -0.2955775  -0.4640689  -0.4013070  -0.2813314
Kinetic energy for orbital 1 = 0.000000000000000
Kinetic energy for orbital 2 = 0.000000000000000
Kinetic energy for orbital 3 = 0.000000000000000
Kinetic energy for orbital 4 = 0.000000000000000
Kinetic energy for orbital 5 = 0.000000000000000
Kinetic energy for orbital 6 = 0.000000000000000
 A restricted SCF calculation will be
 performed using DIIS
 SCF converges when DIIS error is below 1.0e-06
 HF Exchange   Energy =  -0.47423218461969
 One-Electron  Energy =  -2.21979688002162
 Total Coulomb Energy =   1.12869456073411
 ---------------------------------------
  Cycle       Energy         DIIS error
 ---------------------------------------
 DFT Correlation    Energy =   0.00000000000000
 DFT Exchange       Energy =   0.00000000000000
 HF Exchange        Energy =  -0.63307894216932
 Kinetic            Energy =   0.00000000000000
 Nuclear Attraction Energy =   0.00000000000000
 One-Electron       Energy =  -2.47398341549819
 Total Coulomb      Energy =   1.26615788433863
 Nuclear repulsion Energy =   0.71428571448171
RHF MO Coefficients
            1           2           3           4           5           6    
    1  -0.1850461  -0.0984234  -0.0625146   0.1032397  -1.0846832   1.1266509
    2  -0.2804623  -0.1138426  -0.7124687   1.6961326   1.2218788  -1.8292338
    3  -0.1494534  -2.0562418   0.8406089  -2.3826008  -0.4929364   1.2265129
    4  -0.1850461   0.0984234  -0.0625146  -0.1032397  -1.0846832  -1.1266509
    5  -0.2804623   0.1138426  -0.7124687  -1.6961326   1.2218788   1.8292338
    6  -0.1494534   2.0562418   0.8406089   2.3826008  -0.4929364  -1.2265129
RHF Density Matrix
            1           2           3           4           5           6    
    1   0.0342420   0.0518985   0.0276558   0.0342420   0.0518985   0.0276558
    2   0.0518985   0.0786591   0.0419160   0.0518985   0.0786591   0.0419160
    3   0.0276558   0.0419160   0.0223363   0.0276558   0.0419160   0.0223363
    4   0.0342420   0.0518985   0.0276558   0.0342420   0.0518985   0.0276558
    5   0.0518985   0.0786591   0.0419160   0.0518985   0.0786591   0.0419160
    6   0.0276558   0.0419160   0.0223363   0.0276558   0.0419160   0.0223363
RHF Fock Matrix
            1           2           3           4           5           6    
    1   0.5642785  -0.4590104  -0.4771397  -0.5203109  -0.5235203  -0.4524325
    2  -0.4590104  -0.3828001  -0.3996271  -0.5235203  -0.4960075  -0.4180215
    3  -0.4771397  -0.3996271  -0.2688642  -0.4524325  -0.4180215  -0.2858734
    4  -0.5203109  -0.5235203  -0.4524325   0.5642785  -0.4590104  -0.4771397
    5  -0.5235203  -0.4960075  -0.4180215  -0.4590104  -0.3828001  -0.3996271
    6  -0.4524325  -0.4180215  -0.2858734  -0.4771397  -0.3996271  -0.2688642
Kinetic energy for orbital 1 = 0.530596721177916
Kinetic energy for orbital 2 = 0.330692503481939
Kinetic energy for orbital 3 = 0.513995224961110
Kinetic energy for orbital 4 = 1.042526132858078
Kinetic energy for orbital 5 = 3.554484620526450
Kinetic energy for orbital 6 = 4.197461583733251
    1      -0.8510487894      7.14e-02  
 DFT Correlation    Energy =   0.00000000000000
 DFT Exchange       Energy =   0.00000000000000
 HF Exchange        Energy =  -0.64954089608469
 Kinetic            Energy =   0.00000000000000
 Nuclear Attraction Energy =   0.00000000000000
 One-Electron       Energy =  -2.49179144203256
 Total Coulomb      Energy =   1.29908179216937
 Nuclear repulsion Energy =   0.71428571448171
RHF MO Coefficients
            1           2           3           4           5           6    
    1  -0.1921451  -0.0801290  -0.0507880   0.0892021  -1.0840612   1.1292963
    2  -0.2929825   0.0415830  -0.7124823   1.7364134   1.2189293  -1.7941744
    3  -0.1296850  -2.2728171   0.8473435  -2.1933318  -0.4869668   1.1970166
    4  -0.1921451   0.0801290  -0.0507880  -0.0892021  -1.0840612  -1.1292963
    5  -0.2929825  -0.0415830  -0.7124823  -1.7364134   1.2189293   1.7941744
    6  -0.1296850   2.2728171   0.8473435   2.1933318  -0.4869668  -1.1970166
RHF Density Matrix
            1           2           3           4           5           6    
    1   0.0369197   0.0562951   0.0249183   0.0369197   0.0562951   0.0249183
    2   0.0562951   0.0858387   0.0379954   0.0562951   0.0858387   0.0379954
    3   0.0249183   0.0379954   0.0168182   0.0249183   0.0379954   0.0168182
    4   0.0369197   0.0562951   0.0249183   0.0369197   0.0562951   0.0249183
    5   0.0562951   0.0858387   0.0379954   0.0562951   0.0858387   0.0379954
    6   0.0249183   0.0379954   0.0168182   0.0249183   0.0379954   0.0168182
RHF Fock Matrix
            1           2           3           4           5           6    
    1   0.5744513  -0.4545549  -0.4733462  -0.5233876  -0.5229705  -0.4495305
    2  -0.4545549  -0.3746873  -0.3903939  -0.5229705  -0.4903547  -0.4096018
    3  -0.4733462  -0.3903939  -0.2577963  -0.4495305  -0.4096018  -0.2751526
    4  -0.5233876  -0.5229705  -0.4495305   0.5744513  -0.4545549  -0.4733462
    5  -0.5229705  -0.4903547  -0.4096018  -0.4545549  -0.3746873  -0.3903939
    6  -0.4495305  -0.4096018  -0.2751526  -0.4733462  -0.3903939  -0.2577963
Kinetic energy for orbital 1 = 0.557554105893802
Kinetic energy for orbital 2 = 0.279235923753079
Kinetic energy for orbital 3 = 0.489232560112225
Kinetic energy for orbital 4 = 1.065100087407083
Kinetic energy for orbital 5 = 3.552289900659442
Kinetic energy for orbital 6 = 4.226344208913104
    2      -1.1266187588      1.19e-02  
 DFT Correlation    Energy =   0.00000000000000
 DFT Exchange       Energy =   0.00000000000000
 HF Exchange        Energy =  -0.65069630193180
 Kinetic            Energy =   0.00000000000000
 Nuclear Attraction Energy =   0.00000000000000
 One-Electron       Energy =  -2.49295967312408
 Total Coulomb      Energy =   1.30139260386361
 Nuclear repulsion Energy =   0.71428571448171
RHF MO Coefficients
            1           2           3           4           5           6    
    1  -0.1917708  -0.0810425  -0.0496981   0.0891047  -1.0841780   1.1292388
    2  -0.2953081   0.0353963  -0.7124442   1.7362038   1.2183903  -1.7945099
    3  -0.1273612  -2.2644618   0.8479377  -2.2023148  -0.4865456   1.1963583
    4  -0.1917708   0.0810425  -0.0496981  -0.0891047  -1.0841780  -1.1292388
    5  -0.2953081  -0.0353963  -0.7124442  -1.7362038   1.2183903   1.7945099
    6  -0.1273612   2.2644618   0.8479377   2.2023148  -0.4865456  -1.1963583
RHF Density Matrix
            1           2           3           4           5           6    
    1   0.0367760   0.0566315   0.0244242   0.0367760   0.0566315   0.0244242
    2   0.0566315   0.0872068   0.0376108   0.0566315   0.0872068   0.0376108
    3   0.0244242   0.0376108   0.0162209   0.0244242   0.0376108   0.0162209
    4   0.0367760   0.0566315   0.0244242   0.0367760   0.0566315   0.0244242
    5   0.0566315   0.0872068   0.0376108   0.0566315   0.0872068   0.0376108
    6   0.0244242   0.0376108   0.0162209   0.0244242   0.0376108   0.0162209
RHF Fock Matrix
            1           2           3           4           5           6    
    1   0.5752536  -0.4542243  -0.4730042  -0.5234946  -0.5229166  -0.4492559
    2  -0.4542243  -0.3742166  -0.3897339  -0.5229166  -0.4900637  -0.4090053
    3  -0.4730042  -0.3897339  -0.2569195  -0.4492559  -0.4090053  -0.2743050
    4  -0.5234946  -0.5229166  -0.4492559   0.5752536  -0.4542243  -0.4730042
    5  -0.5229166  -0.4900637  -0.4090053  -0.4542243  -0.3742166  -0.3897339
    6  -0.4492559  -0.4090053  -0.2743050  -0.4730042  -0.3897339  -0.2569195
Kinetic energy for orbital 1 = 0.558800315325070
Kinetic energy for orbital 2 = 0.281079158277259
Kinetic energy for orbital 3 = 0.486957550497183
Kinetic energy for orbital 4 = 1.063736411430341
Kinetic energy for orbital 5 = 3.553318700843211
Kinetic energy for orbital 6 = 4.225864650365660
    3      -1.1279648315      1.12e-03  
 DFT Correlation    Energy =   0.00000000000000
 DFT Exchange       Energy =   0.00000000000000
 HF Exchange        Energy =  -0.65091702364185
 Kinetic            Energy =   0.00000000000000
 Nuclear Attraction Energy =   0.00000000000000
 One-Electron       Energy =  -2.49318068485536
 Total Coulomb      Energy =   1.30183404728371
 Nuclear repulsion Energy =   0.71428571448171
RHF MO Coefficients
            1           2           3           4           5           6    
    1  -0.1917388  -0.0808199  -0.0495213   0.0889264  -1.0841917   1.1292688
    2  -0.2956872   0.0374128  -0.7124147   1.7366034   1.2183156  -1.7940823
    3  -0.1269581  -2.2671231   0.8480354  -2.1997520  -0.4864806   1.1960330
    4  -0.1917388   0.0808199  -0.0495213  -0.0889264  -1.0841917  -1.1292688
    5  -0.2956872  -0.0374128  -0.7124147  -1.7366034   1.2183156   1.7940823
    6  -0.1269581   2.2671231   0.8480354   2.1997520  -0.4864806  -1.1960330
RHF Density Matrix
            1           2           3           4           5           6    
    1   0.0367638   0.0566947   0.0243428   0.0367638   0.0566947   0.0243428
    2   0.0566947   0.0874309   0.0375399   0.0566947   0.0874309   0.0375399
    3   0.0243428   0.0375399   0.0161184   0.0243428   0.0375399   0.0161184
    4   0.0367638   0.0566947   0.0243428   0.0367638   0.0566947   0.0243428
    5   0.0566947   0.0874309   0.0375399   0.0566947   0.0874309   0.0375399
    6   0.0243428   0.0375399   0.0161184   0.0243428   0.0375399   0.0161184
RHF Fock Matrix
            1           2           3           4           5           6    
    1   0.5754021  -0.4541618  -0.4729416  -0.5235200  -0.5229067  -0.4492058
    2  -0.4541618  -0.3741216  -0.3896075  -0.5229067  -0.4900026  -0.4088907
    3  -0.4729416  -0.3896075  -0.2567558  -0.4492058  -0.4088907  -0.2741467
    4  -0.5235200  -0.5229067  -0.4492058   0.5754021  -0.4541618  -0.4729416
    5  -0.5229067  -0.4900026  -0.4088907  -0.4541618  -0.3741216  -0.3896075
    6  -0.4492058  -0.4088907  -0.2741467  -0.4729416  -0.3896075  -0.2567558
Kinetic energy for orbital 1 = 0.559069456274514
Kinetic energy for orbital 2 = 0.280530338262174
Kinetic energy for orbital 3 = 0.486560897485237
Kinetic energy for orbital 4 = 1.063946430215635
Kinetic energy for orbital 5 = 3.553446212905716
Kinetic energy for orbital 6 = 4.226203451595453
    4      -1.1279776567      1.56e-04  
    5      -1.1279779467      2.76e-07  Convergence criterion met
 ---------------------------------------
 DFT Correlation    Energy =   0.00000000000000
 DFT Exchange       Energy =   0.00000000000000
 HF Exchange        Energy =  -0.65091702364185
 Kinetic            Energy =   0.00000000000000
 Nuclear Attraction Energy =   0.00000000000000
 One-Electron       Energy =  -2.49318068485536
 Total Coulomb      Energy =   1.30183404728371
 Final Alpha MO Eigenvalues
            1           2           3           4           5           6
    1  -0.5956731   0.1686836   0.3061790   0.6510146   2.4153804   2.7476786
 Final Alpha MO Coefficients
            1           2           3           4           5           6
    1  -0.1917389  -0.0808199  -0.0495214   0.0889266  -1.0841917   1.1292688
    2  -0.2956876   0.0374124  -0.7124142   1.7366032   1.2183157  -1.7940825
    3  -0.1269575  -2.2671226   0.8480354  -2.1997523  -0.4864808   1.1960333
    4  -0.1917389   0.0808199  -0.0495214  -0.0889266  -1.0841917  -1.1292688
    5  -0.2956876  -0.0374124  -0.7124142  -1.7366032   1.2183157   1.7940825
    6  -0.1269575   2.2671226   0.8480354   2.1997523  -0.4864808  -1.1960333
 Final Alpha Density Matrix
            1           2           3           4           5           6
    1   0.0367638   0.0566948   0.0243427   0.0367638   0.0566948   0.0243427
    2   0.0566948   0.0874312   0.0375398   0.0566948   0.0874312   0.0375398
    3   0.0243427   0.0375398   0.0161182   0.0243427   0.0375398   0.0161182
    4   0.0367638   0.0566948   0.0243427   0.0367638   0.0566948   0.0243427
    5   0.0566948   0.0874312   0.0375398   0.0566948   0.0874312   0.0375398
    6   0.0243427   0.0375398   0.0161182   0.0243427   0.0375398   0.0161182
 Final Alpha Fock Matrix
            1           2           3           4           5           6
    1   0.5754024  -0.4541617  -0.4729415  -0.5235201  -0.5229067  -0.4492058
    2  -0.4541617  -0.3741214  -0.3896072  -0.5229067  -0.4900024  -0.4088905
    3  -0.4729415  -0.3896072  -0.2567555  -0.4492058  -0.4088905  -0.2741464
    4  -0.5235201  -0.5229067  -0.4492058   0.5754024  -0.4541617  -0.4729415
    5  -0.5229067  -0.4900024  -0.4088905  -0.4541617  -0.3741214  -0.3896072
    6  -0.4492058  -0.4088905  -0.2741464  -0.4729415  -0.3896072  -0.2567555
 SCF time:   CPU 0.02s  wall 0.00s 
 DFT Correlation    Energy =   0.00000000000000
 DFT Exchange       Energy =   0.00000000000000
 HF Exchange        Energy =  -0.65091702364185
 Kinetic            Energy =   0.00000000000000
 Nuclear Attraction Energy =   0.00000000000000
 One-Electron       Energy =  -2.49318068485536
 Total Coulomb      Energy =   1.30183404728371
 Nuclear repulsion Energy =   0.71428571448171
 SCF   energy in the final basis set =       -1.1279779467
 Total energy in the final basis set =       -1.1279779467
 Total wall time for computing JK: 0.01 s (5)

 --------------------------------------------------------------

                    Orbital Energies (a.u.)
 --------------------------------------------------------------

 Alpha MOs
 -- Occupied --
 -0.5957
 -- Virtual --
  0.1687   0.3062   0.6510   2.4154   2.7477
 --------------------------------------------------------------

          Ground-State Mulliken Net Atomic Charges

     Atom                 Charge (a.u.)
  ----------------------------------------
      1 H                     0.000000
      2 H                    -0.000000
  ----------------------------------------
  Sum of atomic charges =     0.000000

 -----------------------------------------------------------------
                    Cartesian Multipole Moments
 -----------------------------------------------------------------
    Charge (ESU x 10^10)
                 0.0000
    Dipole Moment (Debye)
         X      -0.0000      Y       0.0000      Z       0.0000
       Tot       0.0000
    Quadrupole Moments (Debye-Ang)
        XX      -1.6238     XY       0.0000     YY      -2.0455
        XZ       0.0000     YZ       0.0000     ZZ      -2.0455
    Octopole Moments (Debye-Ang^2)
       XXX      -1.8044    XXY       0.0000    XYY      -0.7577
       YYY       0.0000    XXZ       0.0000    XYZ       0.0000
       YYZ       0.0000    XZZ      -0.7577    YZZ       0.0000
       ZZZ       0.0000
    Hexadecapole Moments (Debye-Ang^3)
      XXXX      -4.3187   XXXY       0.0000   XXYY      -1.1204
      XYYY       0.0000   YYYY      -1.9901   XXXZ       0.0000
      XXYZ       0.0000   XYYZ       0.0000   YYYZ       0.0000
      XXZZ      -1.1204   XYZZ       0.0000   YYZZ      -0.6634
      XZZZ       0.0000   YZZZ       0.0000   ZZZZ      -1.9901
 -----------------------------------------------------------------
 Total job time:  0.27s(wall), 0.14s(cpu) 
 Tue Apr 25 18:00:36 2023

        *************************************************************
        *                                                           *
        *  Thank you very much for using Q-Chem.  Have a nice day.  *
        *                                                           *
        *************************************************************


